{
 "cells": [
  {
   "cell_type": "code",
   "execution_count": 29,
   "metadata": {
    "scrolled": true
   },
   "outputs": [
    {
     "data": {
      "text/html": [
       "<div>\n",
       "<style scoped>\n",
       "    .dataframe tbody tr th:only-of-type {\n",
       "        vertical-align: middle;\n",
       "    }\n",
       "\n",
       "    .dataframe tbody tr th {\n",
       "        vertical-align: top;\n",
       "    }\n",
       "\n",
       "    .dataframe thead th {\n",
       "        text-align: right;\n",
       "    }\n",
       "</style>\n",
       "<table border=\"1\" class=\"dataframe\">\n",
       "  <thead>\n",
       "    <tr style=\"text-align: right;\">\n",
       "      <th></th>\n",
       "      <th>id</th>\n",
       "      <th>date</th>\n",
       "      <th>price</th>\n",
       "      <th>bedrooms</th>\n",
       "      <th>bathrooms</th>\n",
       "      <th>sqft_living</th>\n",
       "      <th>sqft_lot</th>\n",
       "      <th>floors</th>\n",
       "      <th>waterfront</th>\n",
       "      <th>view</th>\n",
       "      <th>condition</th>\n",
       "      <th>grade</th>\n",
       "      <th>sqft_above</th>\n",
       "      <th>sqft_basement</th>\n",
       "      <th>yr_built</th>\n",
       "      <th>yr_renovated</th>\n",
       "      <th>zipcode</th>\n",
       "      <th>lat</th>\n",
       "      <th>long</th>\n",
       "      <th>sqft_living15</th>\n",
       "      <th>sqft_lot15</th>\n",
       "    </tr>\n",
       "  </thead>\n",
       "  <tbody>\n",
       "    <tr>\n",
       "      <th>0</th>\n",
       "      <td>7129300520</td>\n",
       "      <td>20141013T000000</td>\n",
       "      <td>221900.0</td>\n",
       "      <td>3</td>\n",
       "      <td>1.00</td>\n",
       "      <td>1180</td>\n",
       "      <td>5650</td>\n",
       "      <td>1.0</td>\n",
       "      <td>0</td>\n",
       "      <td>0</td>\n",
       "      <td>3</td>\n",
       "      <td>7</td>\n",
       "      <td>1180</td>\n",
       "      <td>0</td>\n",
       "      <td>1955</td>\n",
       "      <td>0</td>\n",
       "      <td>98178</td>\n",
       "      <td>47.5112</td>\n",
       "      <td>-122.257</td>\n",
       "      <td>1340</td>\n",
       "      <td>5650</td>\n",
       "    </tr>\n",
       "    <tr>\n",
       "      <th>1</th>\n",
       "      <td>6414100192</td>\n",
       "      <td>20141209T000000</td>\n",
       "      <td>538000.0</td>\n",
       "      <td>3</td>\n",
       "      <td>2.25</td>\n",
       "      <td>2570</td>\n",
       "      <td>7242</td>\n",
       "      <td>2.0</td>\n",
       "      <td>0</td>\n",
       "      <td>0</td>\n",
       "      <td>3</td>\n",
       "      <td>7</td>\n",
       "      <td>2170</td>\n",
       "      <td>400</td>\n",
       "      <td>1951</td>\n",
       "      <td>1991</td>\n",
       "      <td>98125</td>\n",
       "      <td>47.7210</td>\n",
       "      <td>-122.319</td>\n",
       "      <td>1690</td>\n",
       "      <td>7639</td>\n",
       "    </tr>\n",
       "    <tr>\n",
       "      <th>2</th>\n",
       "      <td>5631500400</td>\n",
       "      <td>20150225T000000</td>\n",
       "      <td>180000.0</td>\n",
       "      <td>2</td>\n",
       "      <td>1.00</td>\n",
       "      <td>770</td>\n",
       "      <td>10000</td>\n",
       "      <td>1.0</td>\n",
       "      <td>0</td>\n",
       "      <td>0</td>\n",
       "      <td>3</td>\n",
       "      <td>6</td>\n",
       "      <td>770</td>\n",
       "      <td>0</td>\n",
       "      <td>1933</td>\n",
       "      <td>0</td>\n",
       "      <td>98028</td>\n",
       "      <td>47.7379</td>\n",
       "      <td>-122.233</td>\n",
       "      <td>2720</td>\n",
       "      <td>8062</td>\n",
       "    </tr>\n",
       "    <tr>\n",
       "      <th>3</th>\n",
       "      <td>2487200875</td>\n",
       "      <td>20141209T000000</td>\n",
       "      <td>604000.0</td>\n",
       "      <td>4</td>\n",
       "      <td>3.00</td>\n",
       "      <td>1960</td>\n",
       "      <td>5000</td>\n",
       "      <td>1.0</td>\n",
       "      <td>0</td>\n",
       "      <td>0</td>\n",
       "      <td>5</td>\n",
       "      <td>7</td>\n",
       "      <td>1050</td>\n",
       "      <td>910</td>\n",
       "      <td>1965</td>\n",
       "      <td>0</td>\n",
       "      <td>98136</td>\n",
       "      <td>47.5208</td>\n",
       "      <td>-122.393</td>\n",
       "      <td>1360</td>\n",
       "      <td>5000</td>\n",
       "    </tr>\n",
       "    <tr>\n",
       "      <th>4</th>\n",
       "      <td>1954400510</td>\n",
       "      <td>20150218T000000</td>\n",
       "      <td>510000.0</td>\n",
       "      <td>3</td>\n",
       "      <td>2.00</td>\n",
       "      <td>1680</td>\n",
       "      <td>8080</td>\n",
       "      <td>1.0</td>\n",
       "      <td>0</td>\n",
       "      <td>0</td>\n",
       "      <td>3</td>\n",
       "      <td>8</td>\n",
       "      <td>1680</td>\n",
       "      <td>0</td>\n",
       "      <td>1987</td>\n",
       "      <td>0</td>\n",
       "      <td>98074</td>\n",
       "      <td>47.6168</td>\n",
       "      <td>-122.045</td>\n",
       "      <td>1800</td>\n",
       "      <td>7503</td>\n",
       "    </tr>\n",
       "  </tbody>\n",
       "</table>\n",
       "</div>"
      ],
      "text/plain": [
       "           id             date     price  bedrooms  bathrooms  sqft_living  \\\n",
       "0  7129300520  20141013T000000  221900.0         3       1.00         1180   \n",
       "1  6414100192  20141209T000000  538000.0         3       2.25         2570   \n",
       "2  5631500400  20150225T000000  180000.0         2       1.00          770   \n",
       "3  2487200875  20141209T000000  604000.0         4       3.00         1960   \n",
       "4  1954400510  20150218T000000  510000.0         3       2.00         1680   \n",
       "\n",
       "   sqft_lot  floors  waterfront  view  condition  grade  sqft_above  \\\n",
       "0      5650     1.0           0     0          3      7        1180   \n",
       "1      7242     2.0           0     0          3      7        2170   \n",
       "2     10000     1.0           0     0          3      6         770   \n",
       "3      5000     1.0           0     0          5      7        1050   \n",
       "4      8080     1.0           0     0          3      8        1680   \n",
       "\n",
       "   sqft_basement  yr_built  yr_renovated  zipcode      lat     long  \\\n",
       "0              0      1955             0    98178  47.5112 -122.257   \n",
       "1            400      1951          1991    98125  47.7210 -122.319   \n",
       "2              0      1933             0    98028  47.7379 -122.233   \n",
       "3            910      1965             0    98136  47.5208 -122.393   \n",
       "4              0      1987             0    98074  47.6168 -122.045   \n",
       "\n",
       "   sqft_living15  sqft_lot15  \n",
       "0           1340        5650  \n",
       "1           1690        7639  \n",
       "2           2720        8062  \n",
       "3           1360        5000  \n",
       "4           1800        7503  "
      ]
     },
     "execution_count": 29,
     "metadata": {},
     "output_type": "execute_result"
    }
   ],
   "source": [
    "# Show some of the columns (5 in default)\n",
    "import datetime\n",
    "import numpy as np\n",
    "df.head()"
   ]
  },
  {
   "cell_type": "code",
   "execution_count": 30,
   "metadata": {},
   "outputs": [],
   "source": [
    "# Drop the id column which is not neccessary\n",
    "df = df.drop(['id'], axis=1)\n",
    "df = df.drop(['long'], axis=1)\n",
    "df = df.drop(['lat'], axis=1)\n",
    "df = df.drop(['zipcode'], axis=1)\n",
    "df = df.drop(['yr_built'], axis=1)\n",
    "df = df.drop(['yr_renovated'], axis=1)"
   ]
  },
  {
   "cell_type": "code",
   "execution_count": 31,
   "metadata": {},
   "outputs": [
    {
     "data": {
      "text/plain": [
       "array(['20141013T000000', '20141209T000000', '20150225T000000',\n",
       "       '20150218T000000', '20140512T000000', '20140627T000000',\n",
       "       '20150115T000000', '20150415T000000', '20150312T000000',\n",
       "       '20150403T000000', '20140527T000000', '20140528T000000',\n",
       "       '20141007T000000', '20150124T000000', '20140731T000000',\n",
       "       '20140529T000000', '20141205T000000', '20150424T000000',\n",
       "       '20140514T000000', '20140826T000000', '20140703T000000',\n",
       "       '20140516T000000', '20141120T000000', '20141103T000000',\n",
       "       '20140626T000000', '20141201T000000', '20140624T000000',\n",
       "       '20150302T000000', '20141110T000000', '20141203T000000',\n",
       "       '20140613T000000', '20141230T000000', '20150213T000000',\n",
       "       '20140620T000000', '20140715T000000', '20140811T000000',\n",
       "       '20140707T000000', '20141028T000000', '20140729T000000',\n",
       "       '20140718T000000', '20150325T000000', '20140716T000000',\n",
       "       '20150428T000000', '20150311T000000', '20140916T000000',\n",
       "       '20150217T000000', '20141231T000000', '20150205T000000',\n",
       "       '20150303T000000', '20140819T000000', '20150407T000000',\n",
       "       '20140827T000000', '20150223T000000', '20141210T000000',\n",
       "       '20140828T000000', '20141021T000000', '20141207T000000',\n",
       "       '20140603T000000', '20140909T000000', '20141009T000000',\n",
       "       '20140825T000000', '20140612T000000', '20140912T000000',\n",
       "       '20150105T000000', '20140610T000000', '20140710T000000',\n",
       "       '20150316T000000', '20141105T000000', '20150420T000000',\n",
       "       '20140609T000000', '20150323T000000', '20141202T000000',\n",
       "       '20141222T000000', '20150128T000000', '20140602T000000',\n",
       "       '20141114T000000', '20140618T000000', '20140519T000000',\n",
       "       '20140904T000000', '20140522T000000', '20150226T000000',\n",
       "       '20140725T000000', '20141223T000000', '20140908T000000',\n",
       "       '20150330T000000', '20140711T000000', '20140611T000000',\n",
       "       '20141027T000000', '20141212T000000', '20140924T000000',\n",
       "       '20150402T000000', '20140523T000000', '20140723T000000',\n",
       "       '20150305T000000', '20150304T000000', '20141124T000000',\n",
       "       '20141121T000000', '20140623T000000', '20150108T000000',\n",
       "       '20150511T000000', '20150102T000000', '20141119T000000',\n",
       "       '20150406T000000', '20141104T000000', '20140717T000000',\n",
       "       '20150126T000000', '20140813T000000', '20140805T000000',\n",
       "       '20140507T000000', '20140708T000000', '20150508T000000',\n",
       "       '20150227T000000', '20140625T000000', '20140806T000000',\n",
       "       '20141030T000000', '20140820T000000', '20150409T000000',\n",
       "       '20150331T000000', '20150401T000000', '20140728T000000',\n",
       "       '20140807T000000', '20141113T000000', '20141003T000000',\n",
       "       '20150309T000000', '20140812T000000', '20141208T000000',\n",
       "       '20150219T000000', '20150324T000000', '20140605T000000',\n",
       "       '20140502T000000', '20150116T000000', '20140929T000000',\n",
       "       '20150210T000000', '20140709T000000', '20140530T000000',\n",
       "       '20141117T000000', '20150107T000000', '20150414T000000',\n",
       "       '20140905T000000', '20140505T000000', '20150418T000000',\n",
       "       '20140818T000000', '20140515T000000', '20141111T000000',\n",
       "       '20150113T000000', '20141014T000000', '20141112T000000',\n",
       "       '20140804T000000', '20140919T000000', '20141123T000000',\n",
       "       '20150422T000000', '20150114T000000', '20150221T000000',\n",
       "       '20141023T000000', '20140822T000000', '20140918T000000',\n",
       "       '20140903T000000', '20140604T000000', '20150413T000000',\n",
       "       '20140616T000000', '20140902T000000', '20150320T000000',\n",
       "       '20140701T000000', '20141001T000000', '20150127T000000',\n",
       "       '20150427T000000', '20150212T000000', '20150314T000000',\n",
       "       '20140923T000000', '20140513T000000', '20150421T000000',\n",
       "       '20141020T000000', '20150211T000000', '20140829T000000',\n",
       "       '20141024T000000', '20141216T000000', '20140814T000000',\n",
       "       '20150504T000000', '20150501T000000', '20141017T000000',\n",
       "       '20140925T000000', '20150505T000000', '20150513T000000',\n",
       "       '20140630T000000', '20150410T000000', '20150209T000000',\n",
       "       '20140702T000000', '20150224T000000', '20141022T000000',\n",
       "       '20141002T000000', '20140619T000000', '20150228T000000',\n",
       "       '20150408T000000', '20141122T000000', '20140721T000000',\n",
       "       '20150202T000000', '20150416T000000', '20140722T000000',\n",
       "       '20141106T000000', '20141229T000000', '20140922T000000',\n",
       "       '20141006T000000', '20140917T000000', '20150130T000000',\n",
       "       '20150326T000000', '20150423T000000', '20141204T000000',\n",
       "       '20140520T000000', '20150429T000000', '20150313T000000',\n",
       "       '20150121T000000', '20140801T000000', '20150430T000000',\n",
       "       '20150306T000000', '20150417T000000', '20140911T000000',\n",
       "       '20150318T000000', '20140730T000000', '20141219T000000',\n",
       "       '20140506T000000', '20150512T000000', '20140821T000000',\n",
       "       '20150319T000000', '20150502T000000', '20150222T000000',\n",
       "       '20141126T000000', '20141015T000000', '20150106T000000',\n",
       "       '20140808T000000', '20140901T000000', '20140614T000000',\n",
       "       '20150510T000000', '20140521T000000', '20140508T000000',\n",
       "       '20141029T000000', '20150507T000000', '20140906T000000',\n",
       "       '20141008T000000', '20150310T000000', '20141217T000000',\n",
       "       '20141218T000000', '20150123T000000', '20141211T000000',\n",
       "       '20140930T000000', '20150204T000000', '20150206T000000',\n",
       "       '20140617T000000', '20150506T000000', '20140622T000000',\n",
       "       '20140815T000000', '20141118T000000', '20140802T000000',\n",
       "       '20141016T000000', '20140712T000000', '20140910T000000',\n",
       "       '20140509T000000', '20141215T000000', '20141107T000000',\n",
       "       '20140714T000000', '20140615T000000', '20140926T000000',\n",
       "       '20140606T000000', '20150122T000000', '20150317T000000',\n",
       "       '20141125T000000', '20141010T000000', '20141226T000000',\n",
       "       '20150120T000000', '20150514T000000', '20150112T000000',\n",
       "       '20140724T000000', '20150425T000000', '20150220T000000',\n",
       "       '20140915T000000', '20140517T000000', '20150426T000000',\n",
       "       '20150109T000000', '20150419T000000', '20140511T000000',\n",
       "       '20140524T000000', '20150214T000000', '20150503T000000',\n",
       "       '20140601T000000', '20141031T000000', '20150327T000000',\n",
       "       '20140621T000000', '20141018T000000', '20141220T000000',\n",
       "       '20150203T000000', '20150129T000000', '20140726T000000',\n",
       "       '20140719T000000', '20141221T000000', '20140628T000000',\n",
       "       '20140720T000000', '20150119T000000', '20141224T000000',\n",
       "       '20140526T000000', '20140816T000000', '20140927T000000',\n",
       "       '20140706T000000', '20141214T000000', '20141005T000000',\n",
       "       '20150412T000000', '20141115T000000', '20141108T000000',\n",
       "       '20141101T000000', '20140525T000000', '20140831T000000',\n",
       "       '20140907T000000', '20150329T000000', '20141019T000000',\n",
       "       '20140629T000000', '20140504T000000', '20150404T000000',\n",
       "       '20141116T000000', '20150216T000000', '20140531T000000',\n",
       "       '20141004T000000', '20140518T000000', '20141109T000000',\n",
       "       '20150315T000000', '20150405T000000', '20140510T000000',\n",
       "       '20150207T000000', '20140608T000000', '20141213T000000',\n",
       "       '20140809T000000', '20150321T000000', '20141012T000000',\n",
       "       '20150515T000000', '20140817T000000', '20140704T000000',\n",
       "       '20140913T000000', '20150307T000000', '20150411T000000',\n",
       "       '20140810T000000', '20141206T000000', '20150509T000000',\n",
       "       '20140803T000000', '20140928T000000', '20140503T000000',\n",
       "       '20140713T000000', '20140705T000000', '20141025T000000',\n",
       "       '20141128T000000', '20150328T000000', '20150301T000000',\n",
       "       '20140920T000000', '20141102T000000', '20150125T000000',\n",
       "       '20140921T000000', '20150110T000000', '20140823T000000',\n",
       "       '20141026T000000', '20141129T000000', '20140607T000000',\n",
       "       '20150524T000000', '20150131T000000', '20141227T000000',\n",
       "       '20150117T000000', '20140914T000000', '20150308T000000',\n",
       "       '20140830T000000', '20150527T000000', '20150322T000000',\n",
       "       '20150215T000000', '20141011T000000', '20150201T000000',\n",
       "       '20141130T000000', '20140824T000000', '20140727T000000'], dtype=object)"
      ]
     },
     "execution_count": 31,
     "metadata": {},
     "output_type": "execute_result"
    }
   ],
   "source": [
    "# Date column seems to have date but not the exact time let's visualize it to understand more\n",
    "df['date'].unique()"
   ]
  },
  {
   "cell_type": "code",
   "execution_count": 32,
   "metadata": {},
   "outputs": [],
   "source": [
    "# Yes, there is not exact time reference so we can extract that part and just leave the exact date\n",
    "import datetime as dt  \n",
    "# df['date'] = pd.to_datetime(df['date']).dt.strftime('%d/%m/%Y') this is for formatting the date\n",
    "df['date'] = pd.to_datetime(df['date'])"
   ]
  },
  {
   "cell_type": "code",
   "execution_count": 33,
   "metadata": {},
   "outputs": [
    {
     "data": {
      "text/html": [
       "<div>\n",
       "<style scoped>\n",
       "    .dataframe tbody tr th:only-of-type {\n",
       "        vertical-align: middle;\n",
       "    }\n",
       "\n",
       "    .dataframe tbody tr th {\n",
       "        vertical-align: top;\n",
       "    }\n",
       "\n",
       "    .dataframe thead th {\n",
       "        text-align: right;\n",
       "    }\n",
       "</style>\n",
       "<table border=\"1\" class=\"dataframe\">\n",
       "  <thead>\n",
       "    <tr style=\"text-align: right;\">\n",
       "      <th></th>\n",
       "      <th>date</th>\n",
       "      <th>price</th>\n",
       "      <th>bedrooms</th>\n",
       "      <th>bathrooms</th>\n",
       "      <th>sqft_living</th>\n",
       "      <th>sqft_lot</th>\n",
       "      <th>floors</th>\n",
       "      <th>waterfront</th>\n",
       "      <th>view</th>\n",
       "      <th>condition</th>\n",
       "      <th>grade</th>\n",
       "      <th>sqft_above</th>\n",
       "      <th>sqft_basement</th>\n",
       "      <th>sqft_living15</th>\n",
       "      <th>sqft_lot15</th>\n",
       "    </tr>\n",
       "  </thead>\n",
       "  <tbody>\n",
       "    <tr>\n",
       "      <th>0</th>\n",
       "      <td>2014-10-13</td>\n",
       "      <td>221900.0</td>\n",
       "      <td>3</td>\n",
       "      <td>1.00</td>\n",
       "      <td>1180</td>\n",
       "      <td>5650</td>\n",
       "      <td>1.0</td>\n",
       "      <td>0</td>\n",
       "      <td>0</td>\n",
       "      <td>3</td>\n",
       "      <td>7</td>\n",
       "      <td>1180</td>\n",
       "      <td>0</td>\n",
       "      <td>1340</td>\n",
       "      <td>5650</td>\n",
       "    </tr>\n",
       "    <tr>\n",
       "      <th>1</th>\n",
       "      <td>2014-12-09</td>\n",
       "      <td>538000.0</td>\n",
       "      <td>3</td>\n",
       "      <td>2.25</td>\n",
       "      <td>2570</td>\n",
       "      <td>7242</td>\n",
       "      <td>2.0</td>\n",
       "      <td>0</td>\n",
       "      <td>0</td>\n",
       "      <td>3</td>\n",
       "      <td>7</td>\n",
       "      <td>2170</td>\n",
       "      <td>400</td>\n",
       "      <td>1690</td>\n",
       "      <td>7639</td>\n",
       "    </tr>\n",
       "    <tr>\n",
       "      <th>2</th>\n",
       "      <td>2015-02-25</td>\n",
       "      <td>180000.0</td>\n",
       "      <td>2</td>\n",
       "      <td>1.00</td>\n",
       "      <td>770</td>\n",
       "      <td>10000</td>\n",
       "      <td>1.0</td>\n",
       "      <td>0</td>\n",
       "      <td>0</td>\n",
       "      <td>3</td>\n",
       "      <td>6</td>\n",
       "      <td>770</td>\n",
       "      <td>0</td>\n",
       "      <td>2720</td>\n",
       "      <td>8062</td>\n",
       "    </tr>\n",
       "    <tr>\n",
       "      <th>3</th>\n",
       "      <td>2014-12-09</td>\n",
       "      <td>604000.0</td>\n",
       "      <td>4</td>\n",
       "      <td>3.00</td>\n",
       "      <td>1960</td>\n",
       "      <td>5000</td>\n",
       "      <td>1.0</td>\n",
       "      <td>0</td>\n",
       "      <td>0</td>\n",
       "      <td>5</td>\n",
       "      <td>7</td>\n",
       "      <td>1050</td>\n",
       "      <td>910</td>\n",
       "      <td>1360</td>\n",
       "      <td>5000</td>\n",
       "    </tr>\n",
       "    <tr>\n",
       "      <th>4</th>\n",
       "      <td>2015-02-18</td>\n",
       "      <td>510000.0</td>\n",
       "      <td>3</td>\n",
       "      <td>2.00</td>\n",
       "      <td>1680</td>\n",
       "      <td>8080</td>\n",
       "      <td>1.0</td>\n",
       "      <td>0</td>\n",
       "      <td>0</td>\n",
       "      <td>3</td>\n",
       "      <td>8</td>\n",
       "      <td>1680</td>\n",
       "      <td>0</td>\n",
       "      <td>1800</td>\n",
       "      <td>7503</td>\n",
       "    </tr>\n",
       "  </tbody>\n",
       "</table>\n",
       "</div>"
      ],
      "text/plain": [
       "        date     price  bedrooms  bathrooms  sqft_living  sqft_lot  floors  \\\n",
       "0 2014-10-13  221900.0         3       1.00         1180      5650     1.0   \n",
       "1 2014-12-09  538000.0         3       2.25         2570      7242     2.0   \n",
       "2 2015-02-25  180000.0         2       1.00          770     10000     1.0   \n",
       "3 2014-12-09  604000.0         4       3.00         1960      5000     1.0   \n",
       "4 2015-02-18  510000.0         3       2.00         1680      8080     1.0   \n",
       "\n",
       "   waterfront  view  condition  grade  sqft_above  sqft_basement  \\\n",
       "0           0     0          3      7        1180              0   \n",
       "1           0     0          3      7        2170            400   \n",
       "2           0     0          3      6         770              0   \n",
       "3           0     0          5      7        1050            910   \n",
       "4           0     0          3      8        1680              0   \n",
       "\n",
       "   sqft_living15  sqft_lot15  \n",
       "0           1340        5650  \n",
       "1           1690        7639  \n",
       "2           2720        8062  \n",
       "3           1360        5000  \n",
       "4           1800        7503  "
      ]
     },
     "execution_count": 33,
     "metadata": {},
     "output_type": "execute_result"
    }
   ],
   "source": [
    "# Checking again if the conversion to date is right\n",
    "df.head()"
   ]
  },
  {
   "cell_type": "code",
   "execution_count": 34,
   "metadata": {},
   "outputs": [],
   "source": [
    "# You can check the unique values of each column by this function call, just change the attribute (column) name\n",
    "df['sqft_living'].unique()\n",
    "df = df.drop(['date'], axis=1)"
   ]
  },
  {
   "cell_type": "code",
   "execution_count": 35,
   "metadata": {},
   "outputs": [],
   "source": [
    "# This function gives descriptive information about columns such as column name,type,null values existence and so on\n",
    "def analyzeColumns(dataframe):\n",
    "    print('Analyzing dataframe... \\n')\n",
    "    \n",
    "    # Checking type of the dataframe\n",
    "    if type(dataframe) is pd.core.frame.DataFrame:\n",
    "        print('Dataframe type is correct\\n')\n",
    "    else:\n",
    "        print('Wrong dataframe type\\n')\n",
    "        return False\n",
    "        \n",
    "    columns = list(dataframe.columns)\n",
    "    for (index,column) in enumerate(columns):\n",
    "        print('------ Column ' + str(index+1)  + ' ------')\n",
    "        print('Name: ' + column)\n",
    "        \n",
    "        coltype = str(dataframe[column].dtype)\n",
    "        \n",
    "        # Checking type of the column\n",
    "        print('Type: ' + coltype)\n",
    "        print('Index: ' + str(index))\n",
    "        # Checking if the dataframe contains any null values \n",
    "        print('Null values exist: ' + ('Yes' if dataframe.isna().any().any() else 'No'))\n",
    "        \n",
    "        # If column contains numeric values compute the statistical informations\n",
    "        if(coltype == 'int64' or coltype == 'float64'):\n",
    "            print('Value Range: (' + str(dataframe[column].unique().min()) + ',' + str(dataframe[column].unique().max()) + ')')\n",
    "            print('Distance MinMax: ' +  str(dataframe[column].unique().max()- dataframe[column].unique().min()))\n",
    "            print('Mean: ' + str(dataframe[column].mean()))\n",
    "            print('Std Dev: ' + str(dataframe[column].std()))\n",
    "        # If column is date display with necessary formatting\n",
    "        elif(coltype == 'datetime64[ns]'):\n",
    "            ts1 = pd.to_datetime(str(dataframe[column].unique().min()))\n",
    "            ts2 = pd.to_datetime(str(dataframe[column].unique().max()))\n",
    "            minday = ts1.strftime('%d/%m/%Y')\n",
    "            maxday = ts2.strftime('%d/%m/%Y')\n",
    "            print('Value Range(d/m/y): (' + minday + ',' + maxday + ')')\n",
    "        \n",
    "         \n",
    "        print('-----------------------\\n')\n",
    "    print('Finished analyzing dataframe... \\n')    \n",
    "    return True"
   ]
  },
  {
   "cell_type": "code",
   "execution_count": 36,
   "metadata": {
    "scrolled": true
   },
   "outputs": [
    {
     "name": "stdout",
     "output_type": "stream",
     "text": [
      "Analyzing dataframe... \n",
      "\n",
      "Dataframe type is correct\n",
      "\n",
      "------ Column 1 ------\n",
      "Name: price\n",
      "Type: float64\n",
      "Index: 0\n",
      "Null values exist: No\n",
      "Value Range: (75000.0,7700000.0)\n",
      "Distance MinMax: 7625000.0\n",
      "Mean: 540088.1417665294\n",
      "Std Dev: 367127.1964826997\n",
      "-----------------------\n",
      "\n",
      "------ Column 2 ------\n",
      "Name: bedrooms\n",
      "Type: int64\n",
      "Index: 1\n",
      "Null values exist: No\n",
      "Value Range: (0,33)\n",
      "Distance MinMax: 33\n",
      "Mean: 3.37084162309721\n",
      "Std Dev: 0.9300618311474632\n",
      "-----------------------\n",
      "\n",
      "------ Column 3 ------\n",
      "Name: bathrooms\n",
      "Type: float64\n",
      "Index: 2\n",
      "Null values exist: No\n",
      "Value Range: (0.0,8.0)\n",
      "Distance MinMax: 8.0\n",
      "Mean: 2.1147573219821405\n",
      "Std Dev: 0.7701631572177287\n",
      "-----------------------\n",
      "\n",
      "------ Column 4 ------\n",
      "Name: sqft_living\n",
      "Type: int64\n",
      "Index: 3\n",
      "Null values exist: No\n",
      "Value Range: (290,13540)\n",
      "Distance MinMax: 13250\n",
      "Mean: 2079.8997362698374\n",
      "Std Dev: 918.4408970468115\n",
      "-----------------------\n",
      "\n",
      "------ Column 5 ------\n",
      "Name: sqft_lot\n",
      "Type: int64\n",
      "Index: 4\n",
      "Null values exist: No\n",
      "Value Range: (520,1651359)\n",
      "Distance MinMax: 1650839\n",
      "Mean: 15106.967565816869\n",
      "Std Dev: 41420.51151513528\n",
      "-----------------------\n",
      "\n",
      "------ Column 6 ------\n",
      "Name: floors\n",
      "Type: float64\n",
      "Index: 5\n",
      "Null values exist: No\n",
      "Value Range: (1.0,3.5)\n",
      "Distance MinMax: 2.5\n",
      "Mean: 1.4943089807060566\n",
      "Std Dev: 0.5399888951423824\n",
      "-----------------------\n",
      "\n",
      "------ Column 7 ------\n",
      "Name: waterfront\n",
      "Type: int64\n",
      "Index: 6\n",
      "Null values exist: No\n",
      "Value Range: (0,1)\n",
      "Distance MinMax: 1\n",
      "Mean: 0.007541757275713691\n",
      "Std Dev: 0.0865171977279032\n",
      "-----------------------\n",
      "\n",
      "------ Column 8 ------\n",
      "Name: view\n",
      "Type: int64\n",
      "Index: 7\n",
      "Null values exist: No\n",
      "Value Range: (0,4)\n",
      "Distance MinMax: 4\n",
      "Mean: 0.23430342849211122\n",
      "Std Dev: 0.7663175692736397\n",
      "-----------------------\n",
      "\n",
      "------ Column 9 ------\n",
      "Name: condition\n",
      "Type: int64\n",
      "Index: 8\n",
      "Null values exist: No\n",
      "Value Range: (1,5)\n",
      "Distance MinMax: 4\n",
      "Mean: 3.4094295100171195\n",
      "Std Dev: 0.6507430463662665\n",
      "-----------------------\n",
      "\n",
      "------ Column 10 ------\n",
      "Name: grade\n",
      "Type: int64\n",
      "Index: 9\n",
      "Null values exist: No\n",
      "Value Range: (1,13)\n",
      "Distance MinMax: 12\n",
      "Mean: 7.656873178179799\n",
      "Std Dev: 1.1754587569743042\n",
      "-----------------------\n",
      "\n",
      "------ Column 11 ------\n",
      "Name: sqft_above\n",
      "Type: int64\n",
      "Index: 10\n",
      "Null values exist: No\n",
      "Value Range: (290,9410)\n",
      "Distance MinMax: 9120\n",
      "Mean: 1788.3906907879516\n",
      "Std Dev: 828.0909776519151\n",
      "-----------------------\n",
      "\n",
      "------ Column 12 ------\n",
      "Name: sqft_basement\n",
      "Type: int64\n",
      "Index: 11\n",
      "Null values exist: No\n",
      "Value Range: (0,4820)\n",
      "Distance MinMax: 4820\n",
      "Mean: 291.5090454818859\n",
      "Std Dev: 442.57504267744406\n",
      "-----------------------\n",
      "\n",
      "------ Column 13 ------\n",
      "Name: sqft_living15\n",
      "Type: int64\n",
      "Index: 12\n",
      "Null values exist: No\n",
      "Value Range: (399,6210)\n",
      "Distance MinMax: 5811\n",
      "Mean: 1986.552491556008\n",
      "Std Dev: 685.391304252777\n",
      "-----------------------\n",
      "\n",
      "------ Column 14 ------\n",
      "Name: sqft_lot15\n",
      "Type: int64\n",
      "Index: 13\n",
      "Null values exist: No\n",
      "Value Range: (651,871200)\n",
      "Distance MinMax: 870549\n",
      "Mean: 12768.455651691113\n",
      "Std Dev: 27304.179631338575\n",
      "-----------------------\n",
      "\n",
      "Finished analyzing dataframe... \n",
      "\n"
     ]
    },
    {
     "data": {
      "text/plain": [
       "True"
      ]
     },
     "execution_count": 36,
     "metadata": {},
     "output_type": "execute_result"
    }
   ],
   "source": [
    "analyzeColumns(df)"
   ]
  },
  {
   "cell_type": "code",
   "execution_count": 37,
   "metadata": {},
   "outputs": [
    {
     "data": {
      "text/html": [
       "<script>requirejs.config({paths: { 'plotly': ['https://cdn.plot.ly/plotly-latest.min']},});if(!window.Plotly) {{require(['plotly'],function(plotly) {window.Plotly=plotly;});}}</script>"
      ],
      "text/vnd.plotly.v1+html": [
       "<script>requirejs.config({paths: { 'plotly': ['https://cdn.plot.ly/plotly-latest.min']},});if(!window.Plotly) {{require(['plotly'],function(plotly) {window.Plotly=plotly;});}}</script>"
      ]
     },
     "metadata": {},
     "output_type": "display_data"
    },
    {
     "data": {
      "application/vnd.plotly.v1+json": {
       "data": [
        {
         "colorbar": {
          "title": "Pearson Correlation coefficient",
          "titleside": "right"
         },
         "colorscale": "Viridis",
         "type": "heatmap",
         "x": [
          "price",
          "bedrooms",
          "bathrooms",
          "sqft_living",
          "sqft_lot",
          "floors",
          "waterfront",
          "view",
          "condition",
          "grade",
          "sqft_above",
          "sqft_basement",
          "sqft_living15",
          "sqft_lot15"
         ],
         "y": [
          "price",
          "bedrooms",
          "bathrooms",
          "sqft_living",
          "sqft_lot",
          "floors",
          "waterfront",
          "view",
          "condition",
          "grade",
          "sqft_above",
          "sqft_basement",
          "sqft_living15",
          "sqft_lot15"
         ],
         "z": [
          [
           1,
           0.3083495981456364,
           0.5251375054139724,
           0.7020350546118009,
           0.08966086058710003,
           0.25679388755070176,
           0.26636943403055346,
           0.3972934882944871,
           0.03636178912899409,
           0.667434256020255,
           0.6055672983560842,
           0.323816020712004,
           0.5853789035795697,
           0.08244715251948594
          ],
          [
           0.3083495981456364,
           1,
           0.5158836376158442,
           0.5766706925022366,
           0.03170324294493022,
           0.1754289352199153,
           -0.00658247866578092,
           0.07953185183704553,
           0.02847210442919673,
           0.3569667253596309,
           0.4776001614291287,
           0.3030933753206674,
           0.3916375239687933,
           0.029244223645589835
          ],
          [
           0.5251375054139724,
           0.5158836376158442,
           1,
           0.7546652789673779,
           0.08773966153126377,
           0.5006531725878427,
           0.06374362913562526,
           0.18773702397662964,
           -0.12498193347931696,
           0.6649825338781631,
           0.6853424758761738,
           0.2837700340047291,
           0.5686342895782329,
           0.08717536081753346
          ],
          [
           0.7020350546118009,
           0.5766706925022366,
           0.7546652789673779,
           1,
           0.17282566132360042,
           0.3539492902366905,
           0.10381781768448231,
           0.28461118621690407,
           -0.058752586859418705,
           0.7627044764584873,
           0.8765965986813212,
           0.43504297366984307,
           0.7564202590172227,
           0.1832855513449458
          ],
          [
           0.08966086058710003,
           0.03170324294493022,
           0.08773966153126377,
           0.17282566132360042,
           1,
           -0.005200990872991708,
           0.021603683276610025,
           0.07471010556639993,
           -0.00895824950624278,
           0.11362112362863229,
           0.18351228086523505,
           0.015286201646173756,
           0.14460817366654494,
           0.7185567524330334
          ],
          [
           0.25679388755070176,
           0.1754289352199153,
           0.5006531725878427,
           0.3539492902366905,
           -0.005200990872991708,
           1,
           0.02369832025495472,
           0.029443820231033584,
           -0.2637679455085965,
           0.45818251367193547,
           0.5238847102851141,
           -0.24570454227366081,
           0.27988526508838496,
           -0.01126918663134099
          ],
          [
           0.26636943403055346,
           -0.00658247866578092,
           0.06374362913562526,
           0.10381781768448231,
           0.021603683276610025,
           0.02369832025495472,
           1,
           0.40185735069733997,
           0.016653157443815684,
           0.08277491386766436,
           0.07207459167208553,
           0.08058793895425913,
           0.08646313607951672,
           0.030703283138477543
          ],
          [
           0.3972934882944871,
           0.07953185183704553,
           0.18773702397662964,
           0.28461118621690407,
           0.07471010556639993,
           0.029443820231033584,
           0.40185735069733997,
           1,
           0.04598973665510697,
           0.25132058451449985,
           0.16764934410324606,
           0.27694657876762135,
           0.28043908199544637,
           0.07257456781595202
          ],
          [
           0.03636178912899409,
           0.02847210442919673,
           -0.12498193347931696,
           -0.058752586859418705,
           -0.00895824950624278,
           -0.2637679455085965,
           0.016653157443815684,
           0.04598973665510697,
           1,
           -0.14467367120296967,
           -0.1582136163783155,
           0.1741049138682313,
           -0.0928242680172845,
           -0.003405522984210484
          ],
          [
           0.667434256020255,
           0.3569667253596309,
           0.6649825338781631,
           0.7627044764584873,
           0.11362112362863229,
           0.45818251367193547,
           0.08277491386766436,
           0.25132058451449985,
           -0.14467367120296967,
           1,
           0.7559229376236656,
           0.1683918249049997,
           0.713202093015193,
           0.11924789717525418
          ],
          [
           0.6055672983560842,
           0.4776001614291287,
           0.6853424758761738,
           0.8765965986813212,
           0.18351228086523505,
           0.5238847102851141,
           0.07207459167208553,
           0.16764934410324606,
           -0.1582136163783155,
           0.7559229376236656,
           1,
           -0.05194330677073047,
           0.7318702923539858,
           0.19404986188966844
          ],
          [
           0.323816020712004,
           0.3030933753206674,
           0.2837700340047291,
           0.43504297366984307,
           0.015286201646173756,
           -0.24570454227366081,
           0.08058793895425913,
           0.27694657876762135,
           0.1741049138682313,
           0.1683918249049997,
           -0.05194330677073047,
           1,
           0.20035498339425617,
           0.017276180557495437
          ],
          [
           0.5853789035795697,
           0.3916375239687933,
           0.5686342895782329,
           0.7564202590172227,
           0.14460817366654494,
           0.27988526508838496,
           0.08646313607951672,
           0.28043908199544637,
           -0.0928242680172845,
           0.713202093015193,
           0.7318702923539858,
           0.20035498339425617,
           1,
           0.18319174870409793
          ],
          [
           0.08244715251948594,
           0.029244223645589835,
           0.08717536081753346,
           0.1832855513449458,
           0.7185567524330334,
           -0.01126918663134099,
           0.030703283138477543,
           0.07257456781595202,
           -0.003405522984210484,
           0.11924789717525418,
           0.19404986188966844,
           0.017276180557495437,
           0.18319174870409793,
           1
          ]
         ]
        }
       ],
       "layout": {
        "autosize": false,
        "height": 720,
        "margin": {
         "b": 210,
         "l": 210,
         "r": 0,
         "t": 25
        },
        "title": "Correlation Matrix for variables",
        "width": 800,
        "xaxis": {
         "tickfont": {
          "size": 9
         }
        },
